0
2
0
0
0
0
0
0
1
7
0
0
4
0
0
0
1
1
1
0
0.2
0
0
0
0
1
0
1
0
0.2
0
3.4
1
0.4
1
0
3.4
4.75
2
19
0
0.5
0
0
3
2
0.25
1.16667
0
5
0
2.2
0
0
2
15
1
0
0
3
2.25
0
0
0
3
1
4
0.166667
0
0
0
0
0
0
0
3.66667
7
0.272727
0
1
3
2
0
0
4
35
0
0
1
0
0
2
3
0
4
4
0
0
2.11111
3
0
3
0.2
0
0
7
0
1
20
28
4
1
1
0.375
4
4
0
1
0
19
0
0
1
7
3
0
0
0
6
3
1
0
0
0.125
0.25
0
19
0
0
2
7
2
0.157895
10
0.25
0
28
4
0
7
0
0
1
0
0
6
0
1.625
0
0.4
1
0
1
2
2
0.333333
8
3
7
0
3.71429
4
0
0
1
3
4
0.428571
2
2.85714
0
3
0.142857
2.41667
5
3
0
0.25
0
0
2.5
0
3
2
0.384615
5
3
0
0
0.222222
5
2
0
0
0
0
0
2
0.157895
9
4
0.428571
4
0
3
1
3
0
0
0
2.85714
1.625
0
0
0
1
0
6
0
0.368421
2.5
0
0
0
0
4
0
20
3
0
0
4
0.125
0
1
4
2.41667
0
3
0
12
5
0
0.571429
20
0
6
0
1
0
6
0
0.125
1
3.875
48
1
4
1
0
0
2
0
0
0
1
3.69231
0.25
3.69231
0
3
0
0
0.421053
0
0
0.157895
2
0
2.41667
21
0
0
0
0.25
7
0
0
1
61
0.272727
1
0
2
1
6
0.142857
0
52
0
2.41667
1
8
4
0.3
2.85714
2
2
0
0
1
4.27273
0
2
0
7
21
1
0
2.11111
0
5
0.214286
2
1
0
3
0
2
1
4.27273
4
2
0
54
0
0
0
1
0
0
1
0
0
0
0.285714
0
2
0
4
0
0
1
0
0
0
4
0
12
0
0
3
0
0
0
0
29
6
0
0
0
0
0
9
0
0
0
3.6
1
2.8
0
2
48
0.125
1
0
4.33333
0
0
0
0
7
35
0.125
0
52
0
12
1
3.69231
0
2.85714
3
0
1
0
0
6
0
0
2
0
0.333333
0
0.166667
3
1
3
0
0
3.6
4
1
3.21053
5
3
0
0
0
0
0.25
61
4
0
0
6
0
6
0.214286
4
12
0
0
1
0
0
0
0
2
0
2.11111
2
0
8
2.11111
0
33
5
1
61
4
0
3
0.5
3
0
3.6
2.5
0
1.625
1
1
3
0
1
1
1
0
0
7
0
3.66667
4
0.125
0.25
0
0
0
0
0
