0
2.0
0
0
0
0
0
0
1.0
7.0
0
0
4
0
0
0
1
1
1.0
0
0.2
0
0
0
0
1
0
1.0
0
0.2
0
3.4
1
0.4
1.0
0
3.4
4.75
2
19
0
0.5
0
0
3
2
0.25
1.1666666666666667
0
5
0
2.2
0
0
2.0
15
1
0
30
3.0
2.25
0
0
0
3
1
4
0.16666666666666666
0
0
0
0
0
0
0
3.6666666666666665
7
0.2727272727272727
0
1
3
2
0
0
4
35
0
0
1
0
0
2
3
0
4
4
0
0
2.111111111111111
3
0
3
0.2
0
0
7
0
1
20
28
4
1
1
0.375
4
4
0
1
0
19
0
0
1
7
3
0
0
0
6
3
1
0
0
0.125
0.25
0
19
0
0
2
7
2
0.15789473684210525
10
0.25
0
28
4
0
7
0
4.333333333333333
1
0
0
6
0
1.625
0
0.4
1
0
1
2
2
0.3333333333333333
8
3
7
0
3.7142857142857144
4
0
0
1
3
4.0
0.42857142857142855
2
2.857142857142857
0
3
0.14285714285714285
2.4166666666666665
5
3.0
0
0.25
0
0
2.5
0
3.0
2
0.38461538461538464
5
3
0
0
0.2222222222222222
5
2
0
0
0
0
0
2
0.15789473684210525
9
4
0.42857142857142855
4
0
3
1
3
0
0
0
2.857142857142857
1.625
0
0
0
1
39
6
0
0.3684210526315789
2.5
0
0
0
0
4
0
20
3
0
0
4
0.125
0
1
4
2.4166666666666665
0
3
0
12
5
0
0.5714285714285714
20
0
6
0
1
0
6
0
0.125
1
3.875
48
1
4
1
0
0
2
0
0
0
1
3.6923076923076925
0.25
3.6923076923076925
0
3
0
0
0.42105263157894735
0
0
0.15789473684210525
2
0
2.4166666666666665
21
0
0
0
0.25
7
0
0
1
61
0.2727272727272727
1
0
2
1
6
0.14285714285714285
0
52
0
2.4166666666666665
1
8
4
0.3
2.857142857142857
2
2
0
0
1
4.2727272727272725
0
2
0
7
21
1
0
2.111111111111111
0
5
0.21428571428571427
2
1
0
3
0
2
1
4.2727272727272725
4
2
0
54
0
0
0
1
0
0
1
0
0
0
0.2857142857142857
0
2
0
4.0
0
0
1
0
0
0
4
0
12
0
0
3
0
0
0
0
29
6
0
0
0
0
0
9
0
0
0
3.6
1
2.8
0
2
48
0.125
1
0
4.333333333333333
0
0
0
0
7
35
0.125
0
52
0
12
1
3.6923076923076925
0
2.857142857142857
3
4.333333333333333
1
0
0
6
0
0
2
0
0.3333333333333333
0
0.16666666666666666
3
1
3
0
0
3.6
4
1
3.210526315789474
5
3
0
0
0
39
0.25
61
4
0
0
6
0
6
0.21428571428571427
4
12
0
0
1
0
39
0
0
2
0
2.111111111111111
2
0
8
2.111111111111111
0
33
5
1
61
4
0
3
0.5
3
0
3.6
2.5
0
1.625
1
1
3
0
1
1
1
0
0
7
0
3.6666666666666665
4
0.125
0.25
0
4.333333333333333
0
0
0
